# chiN=37, period=3, z=6
# thickness=1.78, eps=0.14999999999999999
0 0.84513536980526605 33.357366575813955 -101.15592360772544
100 0.011501013625558439 0.32996823041118728 -6.5516570795562563
200 0.003994317221383735 0.096981215279487026 -6.5303917317035785
300 0.0016222291617822584 0.033722346191741963 -6.5175405706560445
400 0.00057782689407621013 0.006375507427008098 -6.5098050630374793
500 0.00088956275552320573 0.02307771705161811 -6.505548825232192
600 0.00093030756091547976 0.024628517020391438 -6.5035307459451692
700 0.0015396986556846584 0.050834673415849567 -6.5030817332509807
800 0.0035249350496700392 0.12430012968102952 -6.5044615746777854
900 0.0076179363559419778 0.27116203557661045 -6.5114416033575484
1000 0.012219981414220593 0.43158847666448907 -6.534861047140426
1100 0.016265246786345135 0.587739431132976 -6.589188077851583
1200 0.016006174070343559 0.57175251191930132 -6.6772061404441434
1300 0.0089115253763536895 0.30587750087163501 -6.7237392197838126
1400 0.019202009090098733 0.74438306062872184 -6.8190861260013813
1500 0.0039068282891066008 0.11325211005171923 -6.8370116612759979
1600 0.0011181605973598027 0.034227757137109086 -6.8364928922641175
1700 0.00048163001805141733 0.013934486592920837 -6.8371523661440463
1800 0.00021359851271193921 0.0042764170046831335 -6.8377033162869321
1900 0.00012836796826121028 0.0021987695161374385 -6.8382363515956133
2000 7.5789882391763379e-05 0.00039461150236241318 -6.8387296120277226
